40
Sphagnum_palustre           0.0000000 0.2490291 0.3080180 0.2729720 0.2656409 0.3072264 0.2982157 0.2540413 0.3526041 0.2602708 0.3226523 0.3232793 0.2741833 0.2823406 0.2646949 0.2616648 0.2952742 0.3460304 0.2580920 0.2693309 0.3049163 0.3311864 0.2823406 0.3274111 0.3177858 0.2991605 0.2613066 0.2505600 0.3555018 0.3555018 0.3285041 0.2641512 0.3213267 0.2568364 0.2601509 0.2630803 0.2729138 0.2711473 0.3642988 0.3655115 
Calasterella_californica    0.2490291 0.0000000 0.2315394 0.2098996 0.0804234 0.2287117 0.2252204 0.0583752 0.2895760 0.0300326 0.2588512 0.2592053 0.1769660 0.2079984 0.0355727 0.0385436 0.2217091 0.2454750 0.0276099 0.0319025 0.2409844 0.2577083 0.2079984 0.3284974 0.2300575 0.2589739 0.0345097 0.0469901 0.2697433 0.2697433 0.2729746 0.1066922 0.2514465 0.0286944 0.0345709 0.0322432 0.0330449 0.0330049 0.3271722 0.3363661 
Trichocolea_tomentella      0.3080180 0.2315394 0.0000000 0.2683495 0.2130143 0.1842295 0.1249805 0.2139530 0.2891057 0.2288539 0.2206648 0.2144637 0.1434795 0.0843018 0.2349899 0.2345799 0.1829593 0.2171207 0.2239792 0.2389671 0.2187045 0.1970859 0.0843018 0.3433442 0.1739991 0.2445614 0.2338356 0.2124610 0.2116481 0.2116481 0.1598509 0.2137043 0.1152280 0.2291120 0.2377224 0.2295744 0.2356538 0.2331966 0.2866970 0.3000689 
Treubia_lacunosa            0.2729720 0.2098996 0.2683495 0.0000000 0.1930486 0.2723725 0.2680758 0.1964710 0.3525272 0.2189539 0.2803729 0.2943038 0.2309635 0.2373764 0.2204374 0.2153219 0.2812229 0.3249580 0.2090088 0.2109970 0.3039804 0.2951935 0.2373764 0.2933342 0.2907154 0.3381172 0.2275082 0.1901371 0.3168507 0.3168507 0.3253246 0.2071820 0.3054392 0.2042501 0.2267568 0.2249043 0.2170695 0.2214743 0.3540709 0.3698698 
Sphaerocarpos_texanus       0.2656409 0.0804234 0.2130143 0.1930486 0.0000000 0.2146772 0.2095882 0.0784189 0.2849570 0.0916624 0.2468444 0.2319793 0.1702987 0.1952110 0.0955339 0.0964714 0.2049053 0.2536236 0.0880286 0.0944649 0.2401948 0.2186093 0.1952110 0.3067497 0.2109981 0.2569867 0.0923961 0.0855368 0.2531258 0.2531258 0.2653914 0.1083886 0.2426824 0.0830519 0.1007849 0.0952833 0.0882869 0.0887100 0.3054559 0.3192328 
Schistochilia_macrodonta    0.3072264 0.2287117 0.1842295 0.2723725 0.2146772 0.0000000 0.1852670 0.2144423 0.2665601 0.2120004 0.1941053 0.2137293 0.1345109 0.1512683 0.2199282 0.2177873 0.2073250 0.2346395 0.2140519 0.2190688 0.2400406 0.2044012 0.1512683 0.3288525 0.1926734 0.2469490 0.2367167 0.1999446 0.2126778 0.2126778 0.1987202 0.2212384 0.2030818 0.2225710 0.2224535 0.2280220 0.2182278 0.2187707 0.2813871 0.2853106 
Scapania_ciliata            0.2982157 0.2252204 0.1249805 0.2680758 0.2095882 0.1852670 0.0000000 0.2155584 0.2859059 0.2196638 0.2184930 0.2328818 0.1462381 0.1153088 0.2206153 0.2247969 0.1918611 0.2414741 0.2193045 0.2322264 0.2380543 0.2239705 0.1153088 0.3206364 0.1928608 0.2502795 0.2373947 0.2102171 0.2319757 0.2319757 0.1655297 0.2187194 0.1514955 0.2275598 0.2311214 0.2293526 0.2216521 0.2232918 0.2987310 0.3055068 
Riccia_cavernosa            0.2540413 0.0583752 0.2139530 0.1964710 0.0784189 0.2144423 0.2155584 0.0000000 0.2837256 0.0645843 0.2391760 0.2537722 0.1716398 0.1902147 0.0714851 0.0719427 0.2111510 0.2508567 0.0625189 0.0658850 0.2294753 0.2411833 0.1902147 0.3313332 0.2277808 0.2468395 0.0688867 0.0530131 0.2613556 0.2613556 0.2656151 0.1084240 0.2384976 0.0598012 0.0689096 0.0683074 0.0683304 0.0658808 0.3168873 0.3326963 
Riccardia_latifrons         0.3526041 0.2895760 0.2891057 0.3525272 0.2849570 0.2665601 0.2859059 0.2837256 0.0000000 0.2764736 0.3174453 0.2991336 0.2184450 0.2590909 0.2743965 0.2801836 0.2639679 0.2352227 0.2848058 0.2917745 0.2869185 0.2966531 0.2590909 0.3681393 0.3059455 0.2795660 0.2956337 0.2663380 0.3184123 0.3184123 0.3005663 0.2853562 0.3067286 0.2926690 0.2859221 0.2838387 0.2835894 0.2867682 0.2425080 0.2531228 
Reboulia_hemisphaerica      0.2602708 0.0300326 0.2288539 0.2189539 0.0916624 0.2120004 0.2196638 0.0645843 0.2764736 0.0000000 0.2487812 0.2584552 0.1755869 0.2070463 0.0216336 0.0193645 0.2241119 0.2354283 0.0232907 0.0238604 0.2305391 0.2546366 0.2070463 0.3271671 0.2323964 0.2511654 0.0397362 0.0507083 0.2684021 0.2684021 0.2609929 0.1151561 0.2524803 0.0351617 0.0216126 0.0187853 0.0182872 0.0205407 0.3173230 0.3320745 
Radula_japonica             0.3226523 0.2588512 0.2206648 0.2803729 0.2468444 0.1941053 0.2184930 0.2391760 0.3174453 0.2487812 0.0000000 0.2030433 0.1556268 0.2001556 0.2465097 0.2466968 0.2198243 0.2779122 0.2538964 0.2594557 0.2406719 0.1946359 0.2001556 0.3679335 0.1812396 0.2597142 0.2604321 0.2289883 0.2089507 0.2089507 0.2671350 0.2411920 0.2374848 0.2559562 0.2616679 0.2569242 0.2602141 0.2658405 0.3160254 0.3303108 
Ptychanthus_striatus        0.3232793 0.2592053 0.2144637 0.2943038 0.2319793 0.2137293 0.2328818 0.2537722 0.2991336 0.2584552 0.2030433 0.0000000 0.1499708 0.1921243 0.2527832 0.2598208 0.2229932 0.2640281 0.2575796 0.2628689 0.2409366 0.1258091 0.1921243 0.3866765 0.1556340 0.2738281 0.2680156 0.2399218 0.0475924 0.0475924 0.2720705 0.2347074 0.2536283 0.2693464 0.2655722 0.2584610 0.2571211 0.2603268 0.3088455 0.3148080 
Ptilidium_ciliare           0.2741833 0.1769660 0.1434795 0.2309635 0.1702987 0.1345109 0.1462381 0.1716398 0.2184450 0.1755869 0.1556268 0.1499708 0.0000000 0.1112356 0.1796414 0.1816684 0.1399518 0.1845504 0.1761780 0.1780937 0.1698217 0.1364688 0.1112356 0.2992371 0.1275888 0.1864564 0.1912639 0.1620318 0.1521063 0.1521063 0.1627181 0.1692669 0.1694782 0.1804532 0.1821747 0.1829028 0.1782996 0.1833344 0.2356356 0.2425403 
Plagiochila_chinensis       0.2823406 0.2079984 0.0843018 0.2373764 0.1952110 0.1512683 0.1153088 0.1902147 0.2590909 0.2070463 0.2001556 0.1921243 0.1112356 0.0000000 0.2071390 0.2149984 0.1663363 0.2005663 0.2008463 0.2102394 0.2003923 0.1783431 0.0000010 0.3176522 0.1652185 0.2357851 0.2095959 0.1874408 0.1980357 0.1980357 0.1327193 0.1829021 0.1163521 0.2055673 0.2143513 0.2148720 0.2101719 0.2153394 0.2822998 0.2891027 
Plagiochasma_intermedium    0.2646949 0.0355727 0.2349899 0.2204374 0.0955339 0.2199282 0.2206153 0.0714851 0.2743965 0.0216336 0.2465097 0.2527832 0.1796414 0.2071390 0.0000000 0.0171609 0.2207554 0.2437976 0.0315200 0.0357611 0.2423005 0.2614605 0.2071390 0.3337068 0.2292900 0.2642663 0.0447342 0.0589954 0.2683843 0.2683843 0.2707455 0.1220000 0.2534576 0.0408641 0.0325456 0.0307951 0.0267798 0.0273459 0.3148588 0.3324554 
Plagiochasma_appendiculatum 0.2616648 0.0385436 0.2345799 0.2153219 0.0964714 0.2177873 0.2247969 0.0719427 0.2801836 0.0193645 0.2466968 0.2598208 0.1816684 0.2149984 0.0171609 0.0000000 0.2304305 0.2416012 0.0262286 0.0291015 0.2401625 0.2589966 0.2149984 0.3372579 0.2337915 0.2605322 0.0417871 0.0593263 0.2673566 0.2673566 0.2725708 0.1185690 0.2595527 0.0378106 0.0330249 0.0244808 0.0263122 0.0268113 0.3234689 0.3384102 
Pellia_endiviifolia         0.2952742 0.2217091 0.1829593 0.2812229 0.2049053 0.2073250 0.1918611 0.2111510 0.2639679 0.2241119 0.2198243 0.2229932 0.1399518 0.1663363 0.2207554 0.2304305 0.0000000 0.2090627 0.2276730 0.2306767 0.1789350 0.1949430 0.1663363 0.2992149 0.2040710 0.2098017 0.2242645 0.2102717 0.2267161 0.2267161 0.2430969 0.2175373 0.1923597 0.2255068 0.2206268 0.2309330 0.2249368 0.2260019 0.2838339 0.2863317 
Metzgeria_leptoneura        0.3460304 0.2454750 0.2171207 0.3249580 0.2536236 0.2346395 0.2414741 0.2508567 0.2352227 0.2354283 0.2779122 0.2640281 0.1845504 0.2005663 0.2437976 0.2416012 0.2090627 0.0000000 0.2430762 0.2478592 0.2545720 0.2521635 0.2005663 0.3488661 0.2435331 0.2632740 0.2554513 0.2361435 0.2624973 0.2624973 0.2680580 0.2491931 0.2488738 0.2446993 0.2467075 0.2410530 0.2371384 0.2462428 0.2359680 0.2483942 
Mannia_fragans              0.2580920 0.0276099 0.2239792 0.2090088 0.0880286 0.2140519 0.2193045 0.0625189 0.2848058 0.0232907 0.2538964 0.2575796 0.1761780 0.2008463 0.0315200 0.0262286 0.2276730 0.2430762 0.0000000 0.0134691 0.2387409 0.2501499 0.2008463 0.3399460 0.2266994 0.2530215 0.0366980 0.0519256 0.2629120 0.2629120 0.2681414 0.1070153 0.2515275 0.0357833 0.0319551 0.0238721 0.0222519 0.0233497 0.3193063 0.3312305 
Mannia_controversa          0.2693309 0.0319025 0.2389671 0.2109970 0.0944649 0.2190688 0.2322264 0.0658850 0.2917745 0.0238604 0.2594557 0.2628689 0.1780937 0.2102394 0.0357611 0.0291015 0.2306767 0.2478592 0.0134691 0.0000000 0.2419196 0.2530930 0.2102394 0.3433446 0.2385331 0.2580497 0.0380579 0.0548124 0.2768858 0.2768858 0.2743095 0.1103329 0.2634503 0.0379711 0.0305706 0.0227541 0.0228858 0.0245171 0.3323483 0.3420463 
Makinoa_crispata            0.3049163 0.2409844 0.2187045 0.3039804 0.2401948 0.2400406 0.2380543 0.2294753 0.2869185 0.2305391 0.2406719 0.2409366 0.1698217 0.2003923 0.2423005 0.2401625 0.1789350 0.2545720 0.2387409 0.2419196 0.0000000 0.2495050 0.2003923 0.3195211 0.2333728 0.2028685 0.2469041 0.2279456 0.2367451 0.2367451 0.2638297 0.2392412 0.2306156 0.2357300 0.2417867 0.2371699 0.2359033 0.2404180 0.2923468 0.3058234 
Jubula_hutchinsiae          0.3311864 0.2577083 0.1970859 0.2951935 0.2186093 0.2044012 0.2239705 0.2411833 0.2966531 0.2546366 0.1946359 0.1258091 0.1364688 0.1783431 0.2614605 0.2589966 0.1949430 0.2521635 0.2501499 0.2530930 0.2495050 0.0000000 0.1783431 0.4007166 0.1226390 0.2901849 0.2534855 0.2383635 0.1352882 0.1352882 0.2514575 0.2335932 0.2307705 0.2545487 0.2666197 0.2532857 0.2549823 0.2581570 0.3033016 0.3199843 
Hebertus_dicranus           0.2823406 0.2079984 0.0843018 0.2373764 0.1952110 0.1512683 0.1153088 0.1902147 0.2590909 0.2070463 0.2001556 0.1921243 0.1112356 0.0000010 0.2071390 0.2149984 0.1663363 0.2005663 0.2008463 0.2102394 0.2003923 0.1783431 0.0000000 0.3176522 0.1652185 0.2357851 0.2095959 0.1874408 0.1980357 0.1980357 0.1327193 0.1829021 0.1163521 0.2055673 0.2143513 0.2148720 0.2101719 0.2153394 0.2822998 0.2891027 
Haplomitrium_mnioides       0.3274111 0.3284974 0.3433442 0.2933342 0.3067497 0.3288525 0.3206364 0.3313332 0.3681393 0.3271671 0.3679335 0.3866765 0.2992371 0.3176522 0.3337068 0.3372579 0.2992149 0.3488661 0.3399460 0.3433446 0.3195211 0.4007166 0.3176522 0.0000000 0.3674513 0.3112423 0.3324636 0.3257877 0.3963887 0.3963887 0.3552102 0.3410121 0.3524794 0.3293709 0.3275941 0.3420865 0.3375691 0.3368618 0.3422790 0.3589728 
Frullania_nodulosa          0.3177858 0.2300575 0.1739991 0.2907154 0.2109981 0.1926734 0.1928608 0.2277808 0.3059455 0.2323964 0.1812396 0.1556340 0.1275888 0.1652185 0.2292900 0.2337915 0.2040710 0.2435331 0.2266994 0.2385331 0.2333728 0.1226390 0.1652185 0.3674513 0.0000000 0.2734461 0.2404756 0.2186341 0.1581598 0.1581598 0.2325263 0.2263152 0.2193410 0.2343290 0.2313451 0.2417531 0.2340194 0.2327073 0.3018107 0.3081227 
Fossombronia_cristula       0.2991605 0.2589739 0.2445614 0.3381172 0.2569867 0.2469490 0.2502795 0.2468395 0.2795660 0.2511654 0.2597142 0.2738281 0.1864564 0.2357851 0.2642663 0.2605322 0.2098017 0.2632740 0.2530215 0.2580497 0.2028685 0.2901849 0.2357851 0.3112423 0.2734461 0.0000000 0.2677942 0.2497038 0.2787509 0.2787509 0.2598181 0.2566981 0.2521798 0.2644089 0.2567873 0.2588696 0.2563994 0.2529976 0.3100407 0.3105387 
Cryptomitrium_himalayense   0.2613066 0.0345097 0.2338356 0.2275082 0.0923961 0.2367167 0.2373947 0.0688867 0.2956337 0.0397362 0.2604321 0.2680156 0.1912639 0.2095959 0.0447342 0.0417871 0.2242645 0.2554513 0.0366980 0.0380579 0.2469041 0.2534855 0.2095959 0.3324636 0.2404756 0.2677942 0.0000000 0.0596757 0.2772469 0.2772469 0.2841004 0.1174008 0.2569414 0.0301900 0.0433015 0.0367167 0.0410928 0.0403494 0.3388838 0.3498420 
Conocephalum_conicum        0.2505600 0.0469901 0.2124610 0.1901371 0.0855368 0.1999446 0.2102171 0.0530131 0.2663380 0.0507083 0.2289883 0.2399218 0.1620318 0.1874408 0.0589954 0.0593263 0.2102717 0.2361435 0.0519256 0.0548124 0.2279456 0.2383635 0.1874408 0.3257877 0.2186341 0.2497038 0.0596757 0.0000000 0.2407820 0.2407820 0.2563731 0.0978095 0.2409125 0.0542458 0.0551596 0.0562513 0.0542188 0.0538095 0.3193186 0.3314684 
Cololejeunea_lanciloba      0.3555018 0.2697433 0.2116481 0.3168507 0.2531258 0.2126778 0.2319757 0.2613556 0.3184123 0.2684021 0.2089507 0.0475924 0.1521063 0.1980357 0.2683843 0.2673566 0.2267161 0.2624973 0.2629120 0.2768858 0.2367451 0.1352882 0.1980357 0.3963887 0.1581598 0.2787509 0.2772469 0.2407820 0.0000000 0.0000010 0.2801252 0.2482281 0.2507939 0.2763501 0.2761264 0.2670775 0.2628645 0.2636222 0.3282717 0.3357162 
Cheilolejeunea_xanthocarpa  0.3555018 0.2697433 0.2116481 0.3168507 0.2531258 0.2126778 0.2319757 0.2613556 0.3184123 0.2684021 0.2089507 0.0475924 0.1521063 0.1980357 0.2683843 0.2673566 0.2267161 0.2624973 0.2629120 0.2768858 0.2367451 0.1352882 0.1980357 0.3963887 0.1581598 0.2787509 0.2772469 0.2407820 0.0000010 0.0000000 0.2801252 0.2482281 0.2507939 0.2763501 0.2761264 0.2670775 0.2628645 0.2636222 0.3282717 0.3357162 
Calypogeia_fissa            0.3285041 0.2729746 0.1598509 0.3253246 0.2653914 0.1987202 0.1655297 0.2656151 0.3005663 0.2609929 0.2671350 0.2720705 0.1627181 0.1327193 0.2707455 0.2725708 0.2430969 0.2680580 0.2681414 0.2743095 0.2638297 0.2514575 0.1327193 0.3552102 0.2325263 0.2598181 0.2841004 0.2563731 0.2801252 0.2801252 0.0000000 0.2556891 0.1693005 0.2752597 0.2781685 0.2743998 0.2691829 0.2684981 0.3024093 0.3057198 
Blasia_pusilla              0.2641512 0.1066922 0.2137043 0.2071820 0.1083886 0.2212384 0.2187194 0.1084240 0.2853562 0.1151561 0.2411920 0.2347074 0.1692669 0.1829021 0.1220000 0.1185690 0.2175373 0.2491931 0.1070153 0.1103329 0.2392412 0.2335932 0.1829021 0.3410121 0.2263152 0.2566981 0.1174008 0.0978095 0.2482281 0.2482281 0.2556891 0.0000000 0.2525919 0.1110910 0.1240777 0.1183377 0.1178261 0.1185537 0.3179919 0.3277723 
Bazzania_praerupta          0.3213267 0.2514465 0.1152280 0.3054392 0.2426824 0.2030818 0.1514955 0.2384976 0.3067286 0.2524803 0.2374848 0.2536283 0.1694782 0.1163521 0.2534576 0.2595527 0.1923597 0.2488738 0.2515275 0.2634503 0.2306156 0.2307705 0.1163521 0.3524794 0.2193410 0.2521798 0.2569414 0.2409125 0.2507939 0.2507939 0.1693005 0.2525919 0.0000000 0.2575587 0.2628230 0.2567320 0.2560915 0.2565894 0.2947444 0.3017335 
Asterellopsis_grollei       0.2568364 0.0286944 0.2291120 0.2042501 0.0830519 0.2225710 0.2275598 0.0598012 0.2926690 0.0351617 0.2559562 0.2693464 0.1804532 0.2055673 0.0408641 0.0378106 0.2255068 0.2446993 0.0357833 0.0379711 0.2357300 0.2545487 0.2055673 0.3293709 0.2343290 0.2644089 0.0301900 0.0542458 0.2763501 0.2763501 0.2752597 0.1110910 0.2575587 0.0000000 0.0419140 0.0371252 0.0354239 0.0371370 0.3190094 0.3334525 
Asterella_wallichiana       0.2601509 0.0345709 0.2377224 0.2267568 0.1007849 0.2224535 0.2311214 0.0689096 0.2859221 0.0216126 0.2616679 0.2655722 0.1821747 0.2143513 0.0325456 0.0330249 0.2206268 0.2467075 0.0319551 0.0305706 0.2417867 0.2666197 0.2143513 0.3275941 0.2313451 0.2567873 0.0433015 0.0551596 0.2761264 0.2761264 0.2781685 0.1240777 0.2628230 0.0419140 0.0000000 0.0256434 0.0249701 0.0232001 0.3253464 0.3367578 
Asterella_mussuriensis      0.2630803 0.0322432 0.2295744 0.2249043 0.0952833 0.2280220 0.2293526 0.0683074 0.2838387 0.0187853 0.2569242 0.2584610 0.1829028 0.2148720 0.0307951 0.0244808 0.2309330 0.2410530 0.0238721 0.0227541 0.2371699 0.2532857 0.2148720 0.3420865 0.2417531 0.2588696 0.0367167 0.0562513 0.2670775 0.2670775 0.2743998 0.1183377 0.2567320 0.0371252 0.0256434 0.0000000 0.0206314 0.0223060 0.3276885 0.3468291 
Asterella_leptophyla        0.2729138 0.0330449 0.2356538 0.2170695 0.0882869 0.2182278 0.2216521 0.0683304 0.2835894 0.0182872 0.2602141 0.2571211 0.1782996 0.2101719 0.0267798 0.0263122 0.2249368 0.2371384 0.0222519 0.0228858 0.2359033 0.2549823 0.2101719 0.3375691 0.2340194 0.2563994 0.0410928 0.0542188 0.2628645 0.2628645 0.2691829 0.1178261 0.2560915 0.0354239 0.0249701 0.0206314 0.0000000 0.0076718 0.3199999 0.3379312 
Asterella_cruciata          0.2711473 0.0330049 0.2331966 0.2214743 0.0887100 0.2187707 0.2232918 0.0658808 0.2867682 0.0205407 0.2658405 0.2603268 0.1833344 0.2153394 0.0273459 0.0268113 0.2260019 0.2462428 0.0233497 0.0245171 0.2404180 0.2581570 0.2153394 0.3368618 0.2327073 0.2529976 0.0403494 0.0538095 0.2636222 0.2636222 0.2684981 0.1185537 0.2565894 0.0371370 0.0232001 0.0223060 0.0076718 0.0000000 0.3253869 0.3386858 
Aneura_pinguis              0.3642988 0.3271722 0.2866970 0.3540709 0.3054559 0.2813871 0.2987310 0.3168873 0.2425080 0.3173230 0.3160254 0.3088455 0.2356356 0.2822998 0.3148588 0.3234689 0.2838339 0.2359680 0.3193063 0.3323483 0.2923468 0.3033016 0.2822998 0.3422790 0.3018107 0.3100407 0.3388838 0.3193186 0.3282717 0.3282717 0.3024093 0.3179919 0.2947444 0.3190094 0.3253464 0.3276885 0.3199999 0.3253869 0.0000000 0.0399713 
Aneura_mirabilis            0.3655115 0.3363661 0.3000689 0.3698698 0.3192328 0.2853106 0.3055068 0.3326963 0.2531228 0.3320745 0.3303108 0.3148080 0.2425403 0.2891027 0.3324554 0.3384102 0.2863317 0.2483942 0.3312305 0.3420463 0.3058234 0.3199843 0.2891027 0.3589728 0.3081227 0.3105387 0.3498420 0.3314684 0.3357162 0.3357162 0.3057198 0.3277723 0.3017335 0.3334525 0.3367578 0.3468291 0.3379312 0.3386858 0.0399713 0.0000000 
